Data,Otwarcie,Najwyzszy,Najnizszy,Zamkniecie
2019-03-05,2.04917,2.05375,2.03809,2.04047
2019-03-06,2.04054,2.04904,2.03522,2.04549
2019-03-07,2.04524,2.05257,2.01476,2.01961
2019-03-08,2.01777,2.01932,2.006,2.00836
2019-03-11,2.01418,2.02489,2.01015,2.02157
2019-03-12,2.02583,2.02634,2.01533,2.01824
2019-03-13,2.01906,2.01922,2.00653,2.01358
2019-03-14,2.01328,2.03081,2.01171,2.02651
2019-03-15,2.02679,2.03119,2.01568,2.02284
2019-03-18,2.02292,2.03067,2.02077,2.0264
2019-03-19,2.02637,2.02931,2.0183,2.02721
2019-03-20,2.02618,2.04001,2.02454,2.03344
2019-03-21,2.03128,2.03191,2.01627,2.02715
2019-03-22,2.02766,2.03019,1.99705,2.00146
2019-03-25,2.00173,2.00352,1.99146,1.9949
2019-03-26,1.99425,2.00767,1.99246,1.99535
2019-03-27,1.99584,2.00385,1.98792,2.00104
2019-03-28,2.00103,2.02637,1.99649,2.02524
2019-03-29,2.02432,2.03322,2.00907,2.01649
2019-04-01,2.01945,2.02836,2.01398,2.02766
2019-04-02,2.02621,2.02726,2.0146,2.01728
2019-04-03,2.01782,2.03261,2.01716,2.02978
2019-04-04,2.03097,2.03941,2.02164,2.02508
2019-04-05,2.02444,2.03748,2.02115,2.02409
2019-04-08,2.02292,2.02655,2.01341,2.02334
2019-04-09,2.02422,2.02519,2.01354,2.01368
2019-04-10,2.01548,2.02201,2.00893,2.01563
2019-04-11,2.01325,2.03716,2.01238,2.03191
2019-04-12,2.03314,2.04883,2.03264,2.04631
2019-04-15,2.04534,2.06333,2.04457,2.05155
2019-04-16,2.05297,2.07559,2.05172,2.06779
2019-04-17,2.06793,2.07843,2.06583,2.07479
2019-04-18,2.0768,2.08125,2.05724,2.05727
2019-04-22,2.05872,2.06382,2.05247,2.06196
2019-04-23,2.06094,2.06697,2.05587,2.06005
2019-04-24,2.05829,2.06319,2.03358,2.03556
2019-04-25,2.03494,2.03792,2.02315,2.0316
2019-04-26,2.03105,2.03332,2.01578,2.01841
2019-04-29,2.0172,2.03774,2.01711,2.03561
2019-04-30,2.03503,2.04525,2.02845,2.03905
2019-05-01,2.03918,2.05391,2.0382,2.04632
2019-05-02,2.04687,2.06593,2.04594,2.05126
2019-05-03,2.05149,2.05313,2.03816,2.04869
2019-05-06,2.03683,2.04673,2.03169,2.04123
2019-05-07,2.04029,2.04328,2.02532,2.03523
2019-05-08,2.03128,2.03864,2.01951,2.0349
2019-05-09,2.03623,2.03668,2.0227,2.03183
2019-05-10,2.03225,2.03594,2.02815,2.03224
2019-05-13,2.03042,2.037,2.00425,2.00627
2019-05-14,2.00568,2.01311,2.00157,2.00678
2019-05-15,2.00506,2.01122,1.99386,2.009
2019-05-16,2.00966,2.02458,2.00788,2.01802
2019-05-17,2.01849,2.03332,2.01369,2.02711
2019-05-20,2.0291,2.03752,2.02733,2.03429
2019-05-21,2.03355,2.03929,2.02792,2.03281
2019-05-22,2.03349,2.03766,2.03013,2.03275
2019-05-23,2.03449,2.03471,2.01095,2.02331
2019-05-24,2.02822,2.03498,2.02192,2.03254
2019-05-27,2.03298,2.03298,2.02531,2.03044
2019-05-28,2.03004,2.04233,2.02636,2.03206
2019-05-29,2.03102,2.03148,2.01705,2.02296
2019-05-30,2.02587,2.03557,2.0128,2.0128
2019-05-31,2.0133,2.01519,1.99574,1.99799
2019-06-03,1.99507,1.99648,1.98016,1.98229
2019-06-04,1.98291,1.98907,1.97915,1.98403
2019-06-05,1.9846,1.9857,1.9646,1.97249
2019-06-06,1.97218,1.9794,1.96268,1.97661
2019-06-07,1.97619,1.98739,1.96713,1.98376
2019-06-10,1.98955,2.00201,1.98686,1.99884
2019-06-11,1.999,2.00955,1.99547,2.002
2019-06-12,2.00246,2.00399,1.98599,1.98892
2019-06-13,1.98949,1.99158,1.97343,1.97454
2019-06-14,1.97427,1.97474,1.95144,1.96299
2019-06-17,1.96191,1.97547,1.96169,1.9657
2019-06-18,1.96525,1.96776,1.94124,1.95156
2019-06-19,1.95218,1.95816,1.93305,1.93563
2019-06-20,1.93808,1.94199,1.90193,1.91298
2019-06-21,1.91296,1.92018,1.88461,1.91074
2019-06-24,1.90786,1.9094,1.88597,1.8877
2019-06-25,1.8881,1.88986,1.86436,1.87597
2019-06-26,1.87627,1.90119,1.8758,1.89366
2019-06-27,1.89379,1.91039,1.89018,1.89676
2019-06-28,1.89655,1.90543,1.87699,1.89812
2019-07-01,1.91493,1.93446,1.91418,1.92222
2019-07-02,1.92296,1.92375,1.87349,1.87464
2019-07-03,1.8713,1.88507,1.85116,1.87521
2019-07-04,1.8746,1.88614,1.87254,1.87905
2019-07-05,1.87773,1.90111,1.86806,1.88594
2019-07-08,1.88804,1.89567,1.87474,1.88821
2019-07-09,1.88849,1.89526,1.87663,1.87706
2019-07-10,1.8779,1.88885,1.85754,1.85849
2019-07-11,1.85962,1.88155,1.85037,1.87843
2019-07-12,1.87719,1.88075,1.86285,1.86555
2019-07-15,1.86514,1.87651,1.85976,1.86865
2019-07-16,1.86824,1.87772,1.86254,1.8731
2019-07-17,1.87254,1.87943,1.84568,1.84569
2019-07-18,1.84581,1.86052,1.83008,1.83326
2019-07-19,1.83166,1.85569,1.82534,1.85126
2019-07-22,1.84872,1.85383,1.84493,1.85208
2019-07-23,1.85189,1.86192,1.83602,1.84855
2019-07-24,1.84836,1.84994,1.83228,1.83721
2019-07-25,1.83774,1.85497,1.82393,1.85032
2019-07-26,1.85135,1.85135,1.83107,1.83722
2019-07-29,1.83502,1.83679,1.82048,1.82126
2019-07-30,1.82132,1.82595,1.8122,1.81412
2019-07-31,1.81385,1.82948,1.81034,1.82617
2019-08-01,1.82693,1.83382,1.77942,1.78125
2019-08-02,1.78031,1.802,1.7754,1.78936
2019-08-05,1.79033,1.79382,1.76393,1.77086
2019-08-06,1.76756,1.78149,1.75958,1.76061
2019-08-07,1.76058,1.76251,1.72111,1.72633
2019-08-08,1.72813,1.73955,1.71449,1.72354
2019-08-09,1.72021,1.73353,1.71645,1.72841
2019-08-12,1.72911,1.73835,1.7057,1.71397
2019-08-13,1.7144,1.74085,1.68372,1.71686
2019-08-14,1.71642,1.72536,1.67151,1.68041
2019-08-15,1.68058,1.69132,1.66431,1.66772
2019-08-16,1.66648,1.69838,1.66183,1.68799
2019-08-19,1.6907,1.70182,1.68815,1.69548
2019-08-20,1.69672,1.69944,1.68498,1.69099
2019-08-21,1.68978,1.70537,1.68801,1.69703
2019-08-22,1.69698,1.70456,1.68929,1.69747
2019-08-23,1.69618,1.70029,1.66391,1.66391
2019-08-26,1.65507,1.668,1.6405,1.66649
2019-08-27,1.66646,1.66834,1.64025,1.64382
2019-08-28,1.64371,1.65292,1.63294,1.63935
2019-08-29,1.63965,1.65795,1.62543,1.64875
2019-08-30,1.64974,1.65511,1.63898,1.6488
2019-09-02,1.64081,1.65459,1.63664,1.64545
2019-09-03,1.6449,1.64847,1.62654,1.63222
2019-09-04,1.63174,1.65515,1.62867,1.63813
2019-09-05,1.63752,1.69204,1.63606,1.67328
2019-09-06,1.67388,1.69237,1.66674,1.68707
2019-09-09,1.68591,1.70355,1.68005,1.7009
2019-09-10,1.70138,1.7167,1.69625,1.716
2019-09-11,1.7165,1.71694,1.69233,1.69513
2019-09-12,1.69382,1.70553,1.65665,1.70209
2019-09-13,1.70219,1.72305,1.69358,1.7216
2019-09-16,1.70152,1.70866,1.68883,1.69536
2019-09-17,1.69483,1.70127,1.68637,1.70125
2019-09-18,1.70083,1.71007,1.68607,1.70096
2019-09-19,1.70215,1.70655,1.69355,1.69609
2019-09-20,1.6977,1.69839,1.66015,1.66059
2019-09-23,1.66258,1.66732,1.63996,1.64446
2019-09-24,1.64451,1.65411,1.6378,1.64363
2019-09-25,1.64256,1.66403,1.63479,1.65967
2019-09-26,1.66094,1.66233,1.64812,1.65431
2019-09-27,1.65398,1.67584,1.65055,1.66748
2019-09-30,1.67051,1.70273,1.66641,1.69336
2019-10-01,1.6934,1.70615,1.67686,1.68848
2019-10-02,1.68674,1.6929,1.66996,1.67763
2019-10-03,1.67746,1.68694,1.66769,1.68136
2019-10-04,1.68146,1.69651,1.67745,1.68911
2019-10-07,1.68058,1.70413,1.68058,1.69744
2019-10-08,1.69687,1.70419,1.67863,1.68179
2019-10-09,1.68365,1.69231,1.67984,1.68611
2019-10-10,1.68595,1.71216,1.67407,1.7088
2019-10-11,1.70938,1.74289,1.70129,1.72668
2019-10-14,1.72256,1.72852,1.7135,1.71883
2019-10-15,1.7187,1.74116,1.71112,1.73568
2019-10-16,1.73528,1.7407,1.72375,1.73452
2019-10-17,1.73503,1.75397,1.72909,1.74082
2019-10-18,1.74035,1.75042,1.73776,1.74899
2019-10-21,1.74664,1.75887,1.74385,1.75512
2019-10-22,1.75513,1.7602,1.74708,1.75165
2019-10-23,1.75032,1.75183,1.7374,1.74576
2019-10-24,1.74542,1.75448,1.72561,1.72566
2019-10-25,1.72612,1.72994,1.70991,1.71962
2019-10-28,1.72393,1.74282,1.71719,1.74016
2019-10-29,1.74048,1.75242,1.73403,1.74991
2019-10-30,1.75114,1.7571,1.74289,1.75024
2019-10-31,1.75124,1.75389,1.72713,1.72907
2019-11-01,1.72982,1.74216,1.72871,1.73431
2019-11-04,1.73444,1.73899,1.72565,1.72738
2019-11-05,1.72618,1.75297,1.72604,1.75018
2019-11-06,1.75104,1.75153,1.73768,1.74106
2019-11-07,1.74145,1.77554,1.73741,1.76674
2019-11-08,1.76735,1.77779,1.76068,1.77139
2019-11-11,1.77166,1.78375,1.75955,1.77514
2019-11-12,1.77477,1.78037,1.76067,1.7663
2019-11-13,1.76599,1.76637,1.74832,1.7524
2019-11-14,1.75456,1.75471,1.74221,1.74868
2019-11-15,1.74852,1.76381,1.74833,1.76251
2019-11-18,1.76157,1.77116,1.75158,1.75209
2019-11-19,1.75136,1.76194,1.74785,1.75555
2019-11-20,1.75558,1.75757,1.74111,1.752
2019-11-21,1.74821,1.76163,1.74787,1.7574
2019-11-22,1.75812,1.76037,1.74677,1.75415
2019-11-25,1.75655,1.76179,1.75431,1.76116
2019-11-26,1.76131,1.76519,1.74977,1.75217
2019-11-27,1.75162,1.75654,1.74861,1.75453
2019-11-28,1.75534,1.75588,1.74719,1.75061
2019-11-29,1.75146,1.75368,1.74169,1.74417
2019-12-02,1.74523,1.7703,1.74501,1.76689
2019-12-03,1.76705,1.76948,1.74667,1.75035
2019-12-04,1.75123,1.76208,1.74222,1.7555
2019-12-05,1.75528,1.76118,1.75183,1.7589
2019-12-06,1.75941,1.7715,1.75552,1.77076
2019-12-09,1.77108,1.77242,1.7643,1.76508
2019-12-10,1.76567,1.76831,1.75869,1.76543
2019-12-11,1.76614,1.76689,1.75813,1.76213
2019-12-12,1.76232,1.77251,1.74923,1.77108
2019-12-13,1.77801,1.78475,1.76204,1.76361
2019-12-16,1.76632,1.77514,1.76198,1.77413
2019-12-17,1.7725,1.77705,1.76418,1.77334
2019-12-18,1.77325,1.77391,1.76093,1.76528
2019-12-19,1.76613,1.77283,1.76242,1.7644
2019-12-20,1.76471,1.76934,1.75732,1.76139
2019-12-23,1.76029,1.76147,1.74588,1.74714
2019-12-24,1.74713,1.74817,1.73313,1.73521
2019-12-26,1.73802,1.73875,1.72102,1.72465
2019-12-27,1.7246,1.73671,1.723,1.73592
2019-12-30,1.73557,1.7413,1.73291,1.7374
2019-12-31,1.73812,1.74013,1.72623,1.73721
2020-01-02,1.73373,1.73765,1.71767,1.72286
2020-01-03,1.72319,1.72509,1.68532,1.69783
2020-01-06,1.68531,1.69197,1.65752,1.68939
2020-01-07,1.69002,1.70049,1.66589,1.66922
2020-01-08,1.66695,1.69128,1.63064,1.68579
2020-01-09,1.68577,1.70382,1.68186,1.685
2020-01-10,1.68539,1.69282,1.6819,1.68337
2020-01-13,1.68191,1.6996,1.68046,1.69932
2020-01-14,1.69912,1.713,1.69837,1.70554
2020-01-15,1.70459,1.70491,1.69117,1.69471
2020-01-16,1.69418,1.6992,1.69212,1.69564
2020-01-17,1.69548,1.69713,1.67539,1.67982
2020-01-20,1.67938,1.68098,1.67269,1.67522
2020-01-21,1.67495,1.69592,1.66561,1.68106
2020-01-22,1.68054,1.68993,1.67671,1.67914
2020-01-23,1.67893,1.68429,1.65924,1.6657
2020-01-24,1.66609,1.67331,1.64318,1.6478
2020-01-27,1.6382,1.64406,1.62484,1.62825
2020-01-28,1.6284,1.6482,1.62661,1.64749
2020-01-29,1.64679,1.64976,1.62687,1.62888
2020-01-30,1.62906,1.63341,1.62029,1.63177
2020-01-31,1.63221,1.63546,1.61982,1.62651
2020-02-03,1.61908,1.63938,1.61908,1.63227
2020-02-04,1.63178,1.66715,1.62925,1.66328
2020-02-05,1.66405,1.67286,1.65202,1.6648
2020-02-06,1.66478,1.66856,1.64449,1.64565
2020-02-07,1.64563,1.64939,1.62758,1.63096
2020-02-10,1.62921,1.6356,1.62004,1.62718
2020-02-11,1.62738,1.64277,1.62658,1.63603
2020-02-12,1.6362,1.6421,1.63042,1.63311
2020-02-13,1.63298,1.63298,1.61529,1.62033
2020-02-14,1.61948,1.62416,1.61045,1.61098
2020-02-17,1.61145,1.61629,1.60569,1.60852
2020-02-18,1.60552,1.6074,1.57703,1.5786
2020-02-19,1.57919,1.58116,1.56697,1.57014
2020-02-20,1.57069,1.57681,1.55194,1.5561
2020-02-21,1.5554,1.55807,1.53276,1.53848
2020-02-24,1.52376,1.52694,1.49072,1.51929
2020-02-25,1.51847,1.55381,1.51426,1.546
2020-02-26,1.54593,1.5497,1.5267,1.53695
2020-02-27,1.53689,1.55571,1.52875,1.54696
2020-02-28,1.54675,1.62169,1.54244,1.61667
2020-03-02,1.60363,1.62864,1.58916,1.6204
2020-03-03,1.62521,1.62642,1.57364,1.58112
