Data,Otwarcie,Najwyzszy,Najnizszy,Zamkniecie
2020-03-04,1.5826,1.59279,1.57119,1.58643
2020-03-05,1.58116,1.58537,1.553,1.56073
2020-03-06,1.55995,1.60064,1.54951,1.57115
2020-03-09,1.55499,1.5934,1.54642,1.57879
2020-03-10,1.58231,1.59824,1.57391,1.58671
2020-03-11,1.58751,1.59509,1.57056,1.59014
2020-03-12,1.58783,1.63643,1.56871,1.61781
2020-03-13,1.61818,1.6784,1.59546,1.65861
2020-03-16,1.6498,1.74842,1.63231,1.67704
2020-03-17,1.66536,1.6909,1.58332,1.60982
2020-03-18,1.60583,1.6528,1.59701,1.63149
2020-03-19,1.63634,1.64655,1.57246,1.59833
2020-03-20,1.59917,1.59959,1.56132,1.5783
2020-03-23,1.5836,1.60331,1.49418,1.49696
2020-03-24,1.48825,1.50773,1.43082,1.431
2020-03-25,1.43857,1.48655,1.4304,1.47548
2020-03-26,1.47857,1.50986,1.46626,1.49288
2020-03-27,1.49717,1.51675,1.48564,1.51505
2020-03-30,1.5032,1.51745,1.488,1.50036
2020-03-31,1.49734,1.53766,1.48621,1.53766
2020-04-01,1.53564,1.54144,1.49209,1.49923
2020-04-02,1.49555,1.50641,1.46403,1.47008
2020-04-03,1.46911,1.47583,1.45248,1.45313
2020-04-06,1.45701,1.46435,1.4163,1.42223
2020-04-07,1.42178,1.46844,1.41222,1.4589
2020-04-08,1.4594,1.46241,1.44511,1.45636
2020-04-09,1.45723,1.45923,1.42115,1.42798
2020-04-13,1.42656,1.43386,1.38823,1.39938
2020-04-14,1.39415,1.41098,1.38228,1.40638
2020-04-15,1.40661,1.41288,1.38747,1.40014
2020-04-16,1.39953,1.40265,1.37971,1.38985
2020-04-17,1.39566,1.43049,1.39539,1.42774
2020-04-20,1.43042,1.43772,1.41222,1.41637
2020-04-21,1.41651,1.43828,1.40779,1.42033
2020-04-22,1.41868,1.42691,1.38204,1.38803
2020-04-23,1.38804,1.39081,1.36782,1.37137
2020-04-24,1.37141,1.39123,1.366,1.37869
2020-04-27,1.38069,1.40007,1.38048,1.39368
2020-04-28,1.39403,1.40846,1.39139,1.39369
2020-04-29,1.39285,1.40652,1.3925,1.39653
2020-04-30,1.39589,1.43225,1.38876,1.42805
2020-05-01,1.42873,1.44126,1.40824,1.4147
2020-05-04,1.41146,1.41758,1.39735,1.40943
2020-05-05,1.40913,1.41528,1.39632,1.40088
2020-05-06,1.40027,1.41254,1.3945,1.40762
2020-05-07,1.40925,1.40989,1.38015,1.38666
2020-05-08,1.38508,1.39984,1.37963,1.39502
2020-05-11,1.39893,1.40176,1.38951,1.39635
2020-05-12,1.39689,1.4048,1.38936,1.3948
2020-05-13,1.39631,1.39835,1.37852,1.37995
2020-05-14,1.38065,1.38317,1.36057,1.36891
2020-05-15,1.36952,1.3712,1.35119,1.35874
2020-05-18,1.35663,1.38412,1.34177,1.38109
2020-05-19,1.38026,1.39103,1.37404,1.37598
2020-05-20,1.37502,1.39153,1.37197,1.38497
2020-05-21,1.38541,1.41045,1.38402,1.40451
2020-05-22,1.40518,1.4062,1.38549,1.39223
2020-05-25,1.39114,1.40486,1.39055,1.39804
2020-05-26,1.40024,1.45093,1.39849,1.44448
2020-05-27,1.4458,1.46288,1.43999,1.45334
2020-05-28,1.45139,1.45645,1.43706,1.44594
2020-05-29,1.44699,1.45187,1.43236,1.44128
2020-06-01,1.44256,1.45699,1.43762,1.45411
2020-06-02,1.45406,1.47969,1.44954,1.4741
2020-06-03,1.47416,1.50575,1.4692,1.49773
2020-06-04,1.49753,1.50531,1.4679,1.49053
2020-06-05,1.48994,1.52755,1.48607,1.51374
2020-06-08,1.51146,1.51809,1.49642,1.50247
2020-06-09,1.50283,1.50695,1.48067,1.48906
2020-06-10,1.48804,1.49294,1.46831,1.46831
2020-06-11,1.47059,1.47756,1.45648,1.46229
2020-06-12,1.46077,1.47045,1.45227,1.46276
2020-06-15,1.45733,1.49082,1.45672,1.48624
2020-06-16,1.48642,1.49174,1.45946,1.46738
2020-06-17,1.46679,1.47434,1.45482,1.45806
2020-06-18,1.45901,1.46702,1.45431,1.46114
2020-06-19,1.46127,1.46348,1.43586,1.43751
2020-06-22,1.43425,1.4475,1.42355,1.4442
2020-06-23,1.44586,1.45452,1.43481,1.43737
2020-06-24,1.43743,1.4415,1.42417,1.43447
2020-06-25,1.43418,1.43837,1.42122,1.42754
2020-06-26,1.42623,1.43511,1.41801,1.41918
2020-06-29,1.4144,1.42998,1.41402,1.42266
2020-06-30,1.4229,1.42801,1.4153,1.42012
2020-07-01,1.41744,1.43168,1.40525,1.42044
2020-07-02,1.42105,1.43387,1.41407,1.41815
2020-07-03,1.4175,1.42159,1.41364,1.41844
2020-07-06,1.4197,1.42774,1.41712,1.41958
2020-07-07,1.41987,1.42304,1.40133,1.40335
2020-07-08,1.40268,1.40735,1.39081,1.39961
2020-07-09,1.3995,1.40679,1.39457,1.39776
2020-07-10,1.40089,1.41065,1.3932,1.40626
2020-07-13,1.40747,1.40874,1.39557,1.40049
2020-07-14,1.40048,1.41508,1.40048,1.40806
2020-07-15,1.40922,1.42014,1.40474,1.40809
2020-07-16,1.40815,1.41616,1.40182,1.41328
2020-07-17,1.41182,1.41374,1.40779,1.41095
2020-07-20,1.4081,1.41866,1.40796,1.41296
2020-07-21,1.41191,1.41636,1.40159,1.41158
2020-07-22,1.41251,1.41753,1.39578,1.39696
2020-07-23,1.39865,1.4041,1.38998,1.39315
2020-07-24,1.39345,1.39866,1.38138,1.38926
2020-07-27,1.38913,1.39042,1.36757,1.37971
2020-07-28,1.37668,1.39714,1.35286,1.35492
2020-07-29,1.35752,1.3709,1.34889,1.35778
2020-07-30,1.35742,1.3769,1.35605,1.3766
2020-07-31,1.3723,1.37664,1.35178,1.35263
2020-08-03,1.34648,1.35836,1.34097,1.3487
2020-08-04,1.34856,1.35802,1.3289,1.33118
2020-08-05,1.32895,1.33627,1.31575,1.32131
2020-08-06,1.3222,1.3263,1.29664,1.30389
2020-08-07,1.30239,1.32356,1.2937,1.31454
2020-08-10,1.3151,1.32277,1.30616,1.31565
2020-08-11,1.31554,1.39953,1.31455,1.39346
2020-08-12,1.39337,1.42504,1.36653,1.3968
2020-08-13,1.39659,1.40108,1.36539,1.37436
2020-08-14,1.37508,1.39193,1.36834,1.3849
2020-08-17,1.3818,1.39554,1.35509,1.36264
2020-08-18,1.36046,1.37616,1.34589,1.36345
2020-08-19,1.36033,1.39886,1.35831,1.38945
2020-08-20,1.39369,1.40062,1.37786,1.38898
2020-08-21,1.38924,1.39936,1.37254,1.37986
2020-08-24,1.37827,1.39512,1.37307,1.39152
2020-08-25,1.39118,1.40513,1.38794,1.39602
2020-08-26,1.39323,1.40335,1.36976,1.37091
2020-08-27,1.37114,1.39604,1.36554,1.39134
2020-08-28,1.38873,1.39219,1.37588,1.38103
2020-08-31,1.38106,1.38888,1.37398,1.3796
2020-09-01,1.37984,1.38328,1.36858,1.37741
2020-09-02,1.37811,1.38673,1.36403,1.38324
2020-09-03,1.38236,1.38585,1.37258,1.38384
2020-09-04,1.38333,1.38481,1.36854,1.37447
2020-09-07,1.37398,1.38224,1.36818,1.38164
2020-09-08,1.38053,1.38983,1.36541,1.36952
2020-09-09,1.36864,1.3751,1.36256,1.36506
2020-09-10,1.36617,1.37098,1.35905,1.36351
2020-09-11,1.36476,1.37329,1.36261,1.36922
2020-09-14,1.37163,1.37527,1.36162,1.36375
2020-09-15,1.36334,1.36777,1.35682,1.36138
2020-09-16,1.3612,1.36186,1.3511,1.3555
2020-09-17,1.35514,1.36878,1.35084,1.36822
2020-09-18,1.36873,1.36873,1.35681,1.36267
2020-09-21,1.36272,1.38502,1.35567,1.36878
2020-09-22,1.36952,1.37531,1.36429,1.37339
2020-09-23,1.37395,1.3919,1.36846,1.38532
2020-09-24,1.38744,1.39453,1.36595,1.37193
2020-09-25,1.37172,1.37732,1.36772,1.37189
2020-09-28,1.37303,1.38286,1.35015,1.35196
2020-09-29,1.35223,1.37663,1.34703,1.36694
2020-09-30,1.36528,1.37627,1.35982,1.37229
2020-10-01,1.37221,1.38041,1.36723,1.3754
2020-10-02,1.37574,1.38192,1.35874,1.36778
2020-10-05,1.36828,1.38458,1.36754,1.37024
2020-10-06,1.37008,1.39317,1.36895,1.39298
2020-10-07,1.39188,1.39637,1.38347,1.39003
2020-10-08,1.3906,1.39479,1.37748,1.38334
2020-10-09,1.38297,1.38406,1.37029,1.3723
2020-10-12,1.37172,1.37912,1.3646,1.37785
2020-10-13,1.37838,1.3845,1.36685,1.3826
2020-10-14,1.38159,1.38644,1.36224,1.36819
2020-10-15,1.36878,1.37471,1.34721,1.34803
2020-10-16,1.34946,1.35976,1.34245,1.35675
2020-10-19,1.35674,1.3582,1.34292,1.35087
2020-10-20,1.35095,1.36237,1.34861,1.3589
2020-10-21,1.35755,1.35793,1.34464,1.34864
2020-10-22,1.34781,1.36344,1.34376,1.35647
2020-10-23,1.35763,1.36535,1.3497,1.36399
2020-10-26,1.36875,1.36886,1.35081,1.35536
2020-10-27,1.3554,1.35822,1.34674,1.34674
2020-10-28,1.34825,1.35793,1.33749,1.35129
2020-10-29,1.35062,1.36028,1.34267,1.35001
2020-10-30,1.35174,1.35295,1.33868,1.34613
2020-11-02,1.34515,1.3468,1.33095,1.33469
2020-11-03,1.33457,1.35609,1.33351,1.34636
2020-11-04,1.35255,1.36357,1.33373,1.3567
2020-11-05,1.35756,1.36706,1.33576,1.34045
2020-11-06,1.34057,1.35492,1.3393,1.3512
2020-11-09,1.35025,1.42356,1.34528,1.41636
2020-11-10,1.41476,1.41811,1.39229,1.40044
2020-11-11,1.39912,1.41142,1.39249,1.40739
2020-11-12,1.40826,1.41101,1.39761,1.40116
2020-11-13,1.40082,1.40458,1.38884,1.39839
2020-11-16,1.39735,1.42031,1.39173,1.40227
2020-11-17,1.40447,1.40783,1.3937,1.4049
2020-11-18,1.40524,1.42313,1.40297,1.41792
2020-11-19,1.41673,1.42868,1.41527,1.42338
2020-11-20,1.42355,1.42731,1.41372,1.41744
2020-11-23,1.41951,1.44213,1.41571,1.4408
2020-11-24,1.44085,1.477,1.44042,1.47466
2020-11-25,1.4734,1.48102,1.46459,1.47642
2020-11-26,1.47647,1.47786,1.46447,1.46999
2020-11-27,1.46923,1.50004,1.46769,1.49191
2020-11-30,1.49118,1.51745,1.48919,1.49897
2020-12-01,1.4988,1.50074,1.47498,1.49415
2020-12-02,1.49454,1.50167,1.47176,1.47737
2020-12-03,1.47775,1.49112,1.46783,1.47572
2020-12-04,1.47568,1.48513,1.4714,1.47792
2020-12-07,1.4754,1.48318,1.45248,1.45303
2020-12-08,1.4533,1.45867,1.44623,1.45425
2020-12-09,1.45457,1.48872,1.45453,1.48005
2020-12-10,1.48119,1.4971,1.48024,1.49308
2020-12-11,1.49259,1.49791,1.47682,1.48159
2020-12-14,1.48298,1.50739,1.47884,1.49702
2020-12-15,1.49621,1.50137,1.47151,1.47641
2020-12-16,1.47656,1.48609,1.47134,1.47355
2020-12-17,1.47401,1.4774,1.45652,1.46482
2020-12-18,1.46524,1.47091,1.43923,1.45529
2020-12-21,1.44973,1.45421,1.42253,1.45111
2020-12-22,1.4502,1.45585,1.44303,1.45217
2020-12-23,1.45087,1.45758,1.44227,1.44434
2020-12-24,1.44472,1.44873,1.43771,1.439
2020-12-28,1.43808,1.45198,1.42535,1.45036
2020-12-29,1.45098,1.45564,1.42891,1.43738
2020-12-30,1.43779,1.44753,1.41571,1.41571
2020-12-31,1.41751,1.42761,1.40318,1.41026
2021-01-04,1.4088,1.4088,1.38126,1.38481
2021-01-05,1.38388,1.39407,1.38119,1.3895
2021-01-06,1.38981,1.4293,1.38826,1.41965
2021-01-07,1.4191,1.42879,1.41103,1.41941
2021-01-08,1.41774,1.47871,1.41561,1.46635
2021-01-11,1.46465,1.48447,1.44992,1.45719
2021-01-12,1.4562,1.46364,1.44109,1.45545
2021-01-13,1.45486,1.456,1.44078,1.45243
2021-01-14,1.45056,1.4596,1.44064,1.44996
2021-01-15,1.44873,1.46043,1.43736,1.45775
2021-01-18,1.45541,1.47526,1.44542,1.45035
2021-01-19,1.4488,1.45892,1.44719,1.45371
2021-01-20,1.45333,1.45606,1.42615,1.42637
2021-01-21,1.42726,1.44257,1.42619,1.43523
2021-01-22,1.43571,1.45747,1.43457,1.44529
2021-01-25,1.44541,1.45104,1.43255,1.44096
2021-01-26,1.44099,1.4469,1.43484,1.44645
2021-01-27,1.44582,1.45141,1.43712,1.44399
2021-01-28,1.44349,1.4558,1.43241,1.44872
2021-01-29,1.4482,1.45788,1.43263,1.45715
2021-02-01,1.44062,1.45043,1.4334,1.43699
2021-02-02,1.43754,1.46882,1.43735,1.46192
2021-02-03,1.46221,1.46619,1.45263,1.46347
2021-02-04,1.46295,1.49227,1.4625,1.48136
2021-02-05,1.48191,1.48851,1.47078,1.48303
2021-02-08,1.47923,1.48278,1.46243,1.47033
2021-02-09,1.47051,1.47565,1.46212,1.47287
2021-02-10,1.47342,1.47537,1.45947,1.46404
2021-02-11,1.46392,1.47809,1.45916,1.47542
2021-02-12,1.47579,1.48322,1.47188,1.47917
2021-02-15,1.47628,1.48959,1.47587,1.48708
2021-02-16,1.48668,1.50496,1.48222,1.50128
2021-02-17,1.50086,1.51209,1.49485,1.50934
2021-02-18,1.50887,1.51828,1.50043,1.51648
2021-02-19,1.51618,1.52942,1.51034,1.51733
2021-02-22,1.51692,1.51865,1.4908,1.4948
2021-02-23,1.49584,1.4995,1.48763,1.49305
2021-02-24,1.49198,1.5051,1.48668,1.49515
2021-02-25,1.4954,1.52986,1.49538,1.52246
2021-02-26,1.52154,1.5577,1.51556,1.54508
2021-03-01,1.54038,1.54524,1.52117,1.54269
2021-03-02,1.54047,1.55232,1.52887,1.53373
2021-03-03,1.53124,1.55707,1.53049,1.55482
